#  Mat_00000
   1.000    1.000  0.000
   2.000    1.000  1.642
   3.000    1.000  1.642
   4.000    1.000  2.736
   5.000    1.000  3.122
   6.000    1.000  3.971
   7.000    1.000  3.565
   8.000    1.000  4.233
   9.000    1.000  4.757
  10.000    1.000  5.173
  11.000    1.000  5.842
  12.000    1.000  4.185
  13.000    1.000  7.110
  14.000    1.000  8.693
  15.000    1.000  8.843
  16.000    1.000  9.911
  17.000    1.000  8.326
  18.000    1.000 10.753
   1.000    2.000  1.642
   2.000    2.000  0.000
   3.000    2.000  1.749
   4.000    2.000  2.082
   5.000    2.000  3.572
   6.000    2.000  3.956
   7.000    2.000  3.143
   8.000    2.000  4.423
   9.000    2.000  5.769
  10.000    2.000  5.596
  11.000    2.000  6.669
  12.000    2.000  5.066
  13.000    2.000  7.947
  14.000    2.000  9.083
  15.000    2.000  9.554
  16.000    2.000 10.402
  17.000    2.000  8.751
  18.000    2.000 11.623
   1.000    3.000  1.642
   2.000    3.000  1.749
   3.000    3.000  0.000
   4.000    3.000  2.729
   5.000    3.000  2.303
   6.000    3.000  3.381
   7.000    3.000  2.353
   8.000    3.000  4.423
   9.000    3.000  5.493
  10.000    3.000  6.227
  11.000    3.000  6.979
  12.000    3.000  5.478
  13.000    3.000  7.947
  14.000    3.000  9.252
  15.000    3.000  9.156
  16.000    3.000 10.197
  17.000    3.000  8.499
  18.000    3.000 11.472
   1.000    4.000  2.736
   2.000    4.000  2.082
   3.000    4.000  2.729
   4.000    4.000  0.000
   5.000    4.000  3.041
   6.000    4.000  2.460
   7.000    4.000  2.466
   8.000    4.000  2.595
   9.000    4.000  4.684
  10.000    4.000  4.356
  11.000    4.000  5.622
  12.000    4.000  4.383
  13.000    4.000  6.596
  14.000    4.000  7.284
  15.000    4.000  7.917
  16.000    4.000  8.573
  17.000    4.000  6.905
  18.000    4.000 10.161
   1.000    5.000  3.122
   2.000    5.000  3.572
   3.000    5.000  2.303
   4.000    5.000  3.041
   5.000    5.000  0.000
   6.000    5.000  1.780
   7.000    5.000  1.780
   8.000    5.000  3.244
   9.000    5.000  4.314
  10.000    5.000  5.843
  11.000    5.000  6.349
  12.000    5.000  5.303
  13.000    5.000  6.738
  14.000    5.000  7.871
  15.000    5.000  7.284
  16.000    5.000  8.381
  17.000    5.000  6.663
  18.000    5.000  9.944
   1.000    6.000  3.971
   2.000    6.000  3.956
   3.000    6.000  3.381
   4.000    6.000  2.460
   5.000    6.000  1.780
   6.000    6.000  0.000
   7.000    6.000  1.780
   8.000    6.000  2.039
   9.000    6.000  4.150
  10.000    6.000  5.127
  11.000    6.000  5.923
  12.000    6.000  5.154
  13.000    6.000  6.148
  14.000    6.000  6.688
  15.000    6.000  6.497
  16.000    6.000  7.284
  17.000    6.000  5.512
  18.000    6.000  9.293
   1.000    7.000  3.565
   2.000    7.000  3.143
   3.000    7.000  2.353
   4.000    7.000  2.466
   5.000    7.000  1.780
   6.000    7.000  1.780
   7.000    7.000  0.000
   8.000    7.000  3.572
   9.000    7.000  5.539
  10.000    7.000  6.321
  11.000    7.000  7.240
  12.000    7.000  6.134
  13.000    7.000  7.745
  14.000    7.000  8.403
  15.000    7.000  8.250
  16.000    7.000  9.060
  17.000    7.000  7.284
  18.000    7.000 11.011
   1.000    8.000  4.233
   2.000    8.000  4.423
   3.000    8.000  4.423
   4.000    8.000  2.595
   5.000    8.000  3.244
   6.000    8.000  2.039
   7.000    8.000  3.572
   8.000    8.000  0.000
   9.000    8.000  2.829
  10.000    8.000  3.202
  11.000    8.000  4.083
  12.000    8.000  3.606
  13.000    8.000  4.391
  14.000    8.000  4.928
  15.000    8.000  5.333
  16.000    8.000  6.008
  17.000    8.000  4.341
  18.000    8.000  7.728
   1.000    9.000  4.757
   2.000    9.000  5.769
   3.000    9.000  5.493
   4.000    9.000  4.684
   5.000    9.000  4.314
   6.000    9.000  4.150
   7.000    9.000  5.539
   8.000    9.000  2.829
   9.000    9.000  0.000
  10.000    9.000  3.041
  11.000    9.000  2.460
  12.000    9.000  2.466
  13.000    9.000  2.595
  14.000    9.000  4.684
  15.000    9.000  4.356
  16.000    9.000  5.622
  17.000    9.000  4.383
  18.000    9.000  6.035
   1.000   10.000  5.173
   2.000   10.000  5.596
   3.000   10.000  6.227
   4.000   10.000  4.356
   5.000   10.000  5.843
   6.000   10.000  5.127
   7.000   10.000  6.321
   8.000   10.000  3.202
   9.000   10.000  3.041
  10.000   10.000  0.000
  11.000   10.000  1.780
  12.000   10.000  1.780
  13.000   10.000  3.244
  14.000   10.000  4.314
  15.000   10.000  5.843
  16.000   10.000  6.349
  17.000   10.000  5.303
  18.000   10.000  6.790
   1.000   11.000  5.842
   2.000   11.000  6.669
   3.000   11.000  6.979
   4.000   11.000  5.622
   5.000   11.000  6.349
   6.000   11.000  5.923
   7.000   11.000  7.240
   8.000   11.000  4.083
   9.000   11.000  2.460
  10.000   11.000  1.780
  11.000   11.000  0.000
  12.000   11.000  1.780
  13.000   11.000  2.039
  14.000   11.000  4.150
  15.000   11.000  5.127
  16.000   11.000  5.923
  17.000   11.000  5.154
  18.000   11.000  5.551
   1.000   12.000  4.185
   2.000   12.000  5.066
   3.000   12.000  5.478
   4.000   12.000  4.383
   5.000   12.000  5.303
   6.000   12.000  5.154
   7.000   12.000  6.134
   8.000   12.000  3.606
   9.000   12.000  2.466
  10.000   12.000  1.780
  11.000   12.000  1.780
  12.000   12.000  0.000
  13.000   12.000  3.572
  14.000   12.000  5.539
  15.000   12.000  6.321
  16.000   12.000  7.240
  17.000   12.000  6.134
  18.000   12.000  7.227
   1.000   13.000  7.110
   2.000   13.000  7.947
   3.000   13.000  7.947
   4.000   13.000  6.596
   5.000   13.000  6.738
   6.000   13.000  6.148
   7.000   13.000  7.745
   8.000   13.000  4.391
   9.000   13.000  2.595
  10.000   13.000  3.244
  11.000   13.000  2.039
  12.000   13.000  3.572
  13.000   13.000  0.000
  14.000   13.000  2.829
  15.000   13.000  3.202
  16.000   13.000  4.083
  17.000   13.000  3.606
  18.000   13.000  3.732
   1.000   14.000  8.693
   2.000   14.000  9.083
   3.000   14.000  9.252
   4.000   14.000  7.284
   5.000   14.000  7.871
   6.000   14.000  6.688
   7.000   14.000  8.403
   8.000   14.000  4.928
   9.000   14.000  4.684
  10.000   14.000  4.314
  11.000   14.000  4.150
  12.000   14.000  5.539
  13.000   14.000  2.829
  14.000   14.000  0.000
  15.000   14.000  3.041
  16.000   14.000  2.460
  17.000   14.000  2.466
  18.000   14.000  3.919
   1.000   15.000  8.843
   2.000   15.000  9.554
   3.000   15.000  9.156
   4.000   15.000  7.917
   5.000   15.000  7.284
   6.000   15.000  6.497
   7.000   15.000  8.250
   8.000   15.000  5.333
   9.000   15.000  4.356
  10.000   15.000  5.843
  11.000   15.000  5.127
  12.000   15.000  6.321
  13.000   15.000  3.202
  14.000   15.000  3.041
  15.000   15.000  0.000
  16.000   15.000  1.780
  17.000   15.000  1.780
  18.000   15.000  3.370
   1.000   16.000  9.911
   2.000   16.000 10.402
   3.000   16.000 10.197
   4.000   16.000  8.573
   5.000   16.000  8.381
   6.000   16.000  7.284
   7.000   16.000  9.060
   8.000   16.000  6.008
   9.000   16.000  5.622
  10.000   16.000  6.349
  11.000   16.000  5.923
  12.000   16.000  7.240
  13.000   16.000  4.083
  14.000   16.000  2.460
  15.000   16.000  1.780
  16.000   16.000  0.000
  17.000   16.000  1.780
  18.000   16.000  3.585
   1.000   17.000  8.326
   2.000   17.000  8.751
   3.000   17.000  8.499
   4.000   17.000  6.905
   5.000   17.000  6.663
   6.000   17.000  5.512
   7.000   17.000  7.284
   8.000   17.000  4.341
   9.000   17.000  4.383
  10.000   17.000  5.303
  11.000   17.000  5.154
  12.000   17.000  6.134
  13.000   17.000  3.606
  14.000   17.000  2.466
  15.000   17.000  1.780
  16.000   17.000  1.780
  17.000   17.000  0.000
  18.000   17.000  4.679
   1.000   18.000 10.753
   2.000   18.000 11.623
   3.000   18.000 11.472
   4.000   18.000 10.161
   5.000   18.000  9.944
   6.000   18.000  9.293
   7.000   18.000 11.011
   8.000   18.000  7.728
   9.000   18.000  6.035
  10.000   18.000  6.790
  11.000   18.000  5.551
  12.000   18.000  7.227
  13.000   18.000  3.732
  14.000   18.000  3.919
  15.000   18.000  3.370
  16.000   18.000  3.585
  17.000   18.000  4.679
  18.000   18.000  0.000
